MapReduceMethod: 0.176264
NaiveMethod: 9.04692
